L(R:1_27-DT3);(675795,4742495);(675795,4742495);(675795,4742495);(675809,4742500);(675823,4742506);(675837,4742511);(675851,4742516);(675865,4742521);(675879,4742527);(675893,4742532);(675909,4742525);(675914,4742511);(675919,4742497);(675924,4742482);(675929,4742468);(675929,4742468);(675946,4742478)
L(R:3_14-DT3);(675760,4742456);(675752,4742479);(675752,4742479);(675766,4742485);(675781,4742490);(675795,4742495);(675795,4742495);(675795,4742495)
L(R:3_14-8_10);(675705,4742609);(675668,4742594);(675668,4742594);(675673,4742580);(675678,4742566);(675683,4742552);(675688,4742538);(675693,4742524);(675698,4742510);(675704,4742496);(675709,4742482);(675714,4742467);(675724,4742469);(675738,4742474);(675752,4742479);(675752,4742479);(675760,4742456)
L(R:8_10-sub_5840ecc6-7f2b-400c-a683-528d02f140f6_12.47)_s0;(675705,4742609);(675668,4742594);(675668,4742594);(675663,4742608);(675657,4742622);(675652,4742637);(675647,4742651);(675642,4742665);(675637,4742679);(675632,4742693);(675526,4742695)
L(R:8_10-sub_5840ecc6-7f2b-400c-a683-528d02f140f6_12.47)_s1;(675526,4742695);(675305,4742699)
L(R:10_28-DT0);(675790,4742864);(675790,4742864);(675790,4742864);(675785,4742879);(675780,4742893);(675775,4742907);(675770,4742921);(675765,4742935);(675760,4742949);(675751,4742960);(675755,4742963);(675750,4742978);(675745,4742992);(675740,4743006);(675735,4743020);(675730,4743034);(675725,4743048);(675720,4743063);(675715,4743077);(675715,4743077);(675690,4743064)
L(R:DT0-sub_5840ecc6-7f2b-400c-a683-528d02f140f6_12.47)_s0;(675790,4742864);(675790,4742864);(675790,4742864);(675795,4742850);(675800,4742836);(675789,4742826);(675775,4742821);(675761,4742816);(675747,4742810);(675733,4742805);(675719,4742800);(675705,4742795);(675691,4742790);(675677,4742785);(675662,4742780);(675648,4742775);(675634,4742770);(675620,4742765);(675606,4742763);(675600,4742758);(675442,4742726)
L(R:DT0-sub_5840ecc6-7f2b-400c-a683-528d02f140f6_12.47)_s1;(675442,4742726);(675305,4742699)
L(R:1_27-DT2);(675946,4742478);(675929,4742468);(675929,4742468);(675934,4742454);(675939,4742440);(675944,4742426);(675944,4742426);(675944,4742426)
L(R:9_13-DT0);(675790,4742864);(675790,4742864);(675790,4742864);(675795,4742850);(675804,4742831);(675810,4742808);(675815,4742794);(675820,4742780);(675825,4742765);(675830,4742751);(675835,4742737);(675840,4742723);(675840,4742723);(675815,4742711)
L(R:12_20-DT0);(675790,4742864);(675790,4742864);(675790,4742864);(675785,4742879);(675780,4742893);(675775,4742907);(675770,4742921);(675765,4742935);(675760,4742949);(675765,4742965);(675779,4742970);(675793,4742975);(675807,4742980);(675821,4742986);(675821,4742986);(675829,4742960)
L(R:11_0-DT3LV);(675795,4742495);(675804,4742470)
L(R:6_8-DT2LV);(675944,4742426);(675915,4742413)
L(R:4_3-DT1LV);(675959,4742383);(675888,4742353)
L(R:5_0-DT1LV);(675959,4742383);(675931,4742369)
L(R:DT1-DT2);(675944,4742426);(675944,4742426);(675944,4742426);(675949,4742412);(675954,4742397);(675959,4742383);(675959,4742383);(675959,4742383)
L(R:2_0-DT0LV);(675790,4742864);(675761,4742860)
L(R:7_7-9_13);(675815,4742711);(675840,4742723);(675840,4742723);(675845,4742709);(675850,4742695);(675855,4742680);(675859,4742666);(675864,4742652);(675869,4742638);(675869,4742638);(675887,4742647)
L(R:12_20-13_4);(675829,4742960);(675821,4742986);(675821,4742986);(675835,4742991);(675849,4742996);(675863,4743001);(675877,4743006);(675892,4743011);(675901,4743023);(675896,4743037);(675891,4743051);(675886,4743066);(675886,4743066);(675846,4743059)
L(R:1_27-7_7);(675946,4742478);(675929,4742468);(675929,4742468);(675924,4742482);(675919,4742497);(675914,4742511);(675909,4742525);(675904,4742539);(675899,4742553);(675894,4742567);(675889,4742581);(675884,4742596);(675879,4742610);(675874,4742624);(675869,4742638);(675869,4742638);(675887,4742647)
